image_00000 317 214 346 239
image_00001 321 213 338 240
image_00002 322 213 342 242
image_00003 319 207 343 244
image_00004 322 210 342 244
image_00005 318 212 348 243
image_00006 319 207 352 245
image_00007 318 206 351 244
image_00008 318 205 358 245
image_00009 318 206 352 244
image_00010 319 208 352 249
image_00011 317 209 352 246
image_00012 317 207 354 247
image_00013 315 207 348 241
image_00014 314 207 351 245
image_00015 318 206 349 248
image_00016 316 193 354 247
image_00017 315 192 357 242
image_00018 312 199 364 244
image_00019 315 196 359 244
image_00020 313 199 361 244
image_00021 311 194 360 245
image_00022 309 198 364 244
image_00023 309 190 364 244
image_00024 309 197 365 245
image_00025 309 195 367 244
image_00026 309 194 369 244
image_00027 310 193 365 244
image_00028 315 196 366 245
image_00029 319 198 366 245
image_00030 325 195 366 247
image_00031 328 193 370 246
image_00032 334 196 367 246
image_00033 334 195 367 245
image_00034 335 197 368 246
image_00035 336 197 376 246
image_00036 335 196 376 249
image_00037 337 200 375 245
image_00038 335 198 376 244
image_00039 337 194 376 244
image_00040 335 198 371 246
image_00041 333 198 375 247
image_00042 330 193 373 249
image_00043 334 198 375 251
image_00044 330 196 377 244
image_00045 336 190 376 221
image_00046 344 192 372 221
image_00047 343 193 373 221
image_00048 345 192 373 219
image_00049 345 190 372 218
image_00050 349 191 375 218
image_00051 349 196 377 219
image_00052 348 193 373 212
image_00053 349 190 374 214
image_00054 348 193 371 216
image_00055 348 197 372 213
image_00056 352 195 373 211
image_00057 350 193 375 214
image_00058 349 193 371 216
image_00059 353 193 375 214
image_00060 349 191 371 212
image_00061 353 193 372 210
image_00062 351 190 371 212
image_00063 348 191 367 212
